// Edited with Evil Editor
//output from TaroNuke's unity editor v1.04

[General]
AudioFilename: End of the Shoreline.mp3

[Editor]

[Metadata]
Title:End of the Shoreline
TitleUnicode:End of the Shoreline
Artist:Garn47
ArtistUnicode:Garn47
Creator:poik
Version:I! like! to! play!!!
Tags:{"Level":21,"FlavorText":"I like to jump in one place","SongLength":204.146,"CoverArt":""}

[Difficulty]

[Events]

[TimingPoints]
6622,405.40540000,4,2,0,100,1,8


[HitObjects]

298,192,6622,5,0,0:0:0:0:
384,192,6622,1,2,0:0:0:0:
213,192,7838,128,0,53649:0:0:0:0:0:
213,192,8041,1,0,0:0:0:0:
213,192,8244,128,0,8649:0:0:0:0:
213,192,9054,128,0,9865:0:0:0:0:
213,192,9460,128,0,70676:0:0:0:0:0:
384,192,10271,1,0,0:0:0:0:0:
213,192,10676,1,0,0:0:0:0:0:
298,192,11081,1,0,0:0:0:0:
298,192,11284,128,0,10676:0:0:0:0:0:
298,192,11487,1,0,0:0:0:0:0:
213,192,11892,1,0,0:0:0:0:
298,192,12298,128,0,12973:0:0:0:0:
213,192,12703,1,0,0:0:0:0:
298,192,13108,1,2,0:0:0:0:0:
213,192,13514,1,0,0:0:0:0:0:
298,192,13717,1,0,0:0:0:0:
298,192,13919,1,0,0:0:0:0:
298,192,14325,1,0,0:0:0:0:
298,192,14730,1,0,0:0:0:0:
298,192,15541,128,0,16352:0:0:0:0:
213,192,15541,1,2,0:0:0:0:
213,192,15946,1,0,0:0:0:0:0:
213,192,16149,1,0,0:0:0:0:0:
213,192,16757,1,0,0:0:0:0:
298,192,17163,1,2,0:0:0:0:0:
298,192,17568,1,0,0:0:0:0:
213,192,17771,128,2,18379:0:0:0:0:
213,192,17973,1,0,0:0:0:0:
213,192,18379,1,2,0:0:0:0:
298,192,18784,128,0,19595:0:0:0:0:
384,192,18784,1,2,0:0:0:0:
213,192,19190,1,2,0:0:0:0:
298,192,19865,1,2,0:0:0:0:0:
298,192,20000,128,2,20406:0:0:0:0:
469,192,20271,1,0,0:0:0:0:0:
213,192,20676,1,0,0:0:0:0:0:
298,192,21081,1,0,0:0:0:0:
298,192,21217,1,0,0:0:0:0:
298,192,21622,1,0,0:0:0:0:
213,192,21892,1,0,0:0:0:0:0:
298,192,22027,128,2,22838:0:0:0:0:
298,192,22230,128,2,23244:0:0:0:0:
298,192,22433,128,2,23649:0:0:0:0:
298,192,22838,1,2,0:0:0:0:
298,192,23244,1,2,0:0:0:0:
469,192,23514,1,0,0:0:0:0:0:
213,192,23649,1,0,0:0:0:0:0:
298,192,23919,1,0,0:0:0:0:0:
213,192,24054,128,0,24865:0:0:0:0:
298,192,24054,1,2,0:0:0:0:
469,192,24325,1,0,0:0:0:0:0:
298,192,24460,1,2,0:0:0:0:
213,192,24730,1,2,0:0:0:0:
298,192,24865,1,2,0:0:0:0:
384,192,25000,1,0,0:0:0:0:
213,192,25271,1,0,0:0:0:0:
213,192,25541,128,0,66622:0:0:0:0:0:
298,192,25676,1,0,0:0:0:0:
298,192,25946,1,0,0:0:0:0:
298,192,26352,1,0,0:0:0:0:
298,192,26487,128,2,7838:0:0:0:0:0:
298,192,26757,1,0,0:0:0:0:
213,192,27163,1,0,0:0:0:0:
298,192,27298,128,0,28108:0:0:0:0:
298,192,27568,1,0,0:0:0:0:0:
213,192,27973,1,0,0:0:0:0:
298,192,28108,1,0,0:0:0:0:0:
469,192,28311,1,0,0:0:0:0:
298,192,28514,1,0,0:0:0:0:0:
298,192,29122,1,0,0:0:0:0:0:
213,192,29325,1,2,0:0:0:0:
213,192,29595,1,0,0:0:0:0:0:
469,192,29730,1,0,0:0:0:0:0:
213,192,30000,1,0,0:0:0:0:
298,192,30136,1,0,0:0:0:0:
298,192,30406,1,0,0:0:0:0:
298,192,30811,1,0,0:0:0:0:
298,192,30946,1,0,0:0:0:0:
298,192,31217,1,0,0:0:0:0:
213,192,31622,1,2,0:0:0:0:0:
298,192,31757,1,2,0:0:0:0:0:
469,192,31892,1,0,0:0:0:0:
384,192,32027,1,2,0:0:0:0:0:
213,192,32163,1,0,0:0:0:0:0:
469,192,32298,1,0,0:0:0:0:
213,192,32433,1,0,0:0:0:0:0:
384,192,32568,1,2,0:0:0:0:
298,192,32568,128,0,35000:0:0:0:0:
213,192,33379,128,0,35000:0:0:0:0:
469,192,34190,1,0,0:0:0:0:
469,192,35000,1,0,0:0:0:0:
298,192,35271,1,0,0:0:0:0:
384,192,35406,1,0,0:0:0:0:0:
213,192,35676,1,0,0:0:0:0:
298,192,36622,128,0,38244:0:0:0:0:
469,192,36622,1,0,0:0:0:0:
469,192,37433,1,0,0:0:0:0:
469,192,38244,1,0,0:0:0:0:
298,192,38514,1,0,0:0:0:0:
384,192,38784,1,0,0:0:0:0:
213,192,38919,1,0,0:0:0:0:
298,192,39865,128,0,41487:0:0:0:0:
298,192,39865,1,0,0:0:0:0:0:
469,192,40676,1,0,0:0:0:0:
298,192,41892,1,0,0:0:0:0:
384,192,42027,1,0,0:0:0:0:
298,192,42163,1,0,0:0:0:0:0:
384,192,42298,1,2,0:0:0:0:
298,192,42298,128,0,44730:0:0:0:0:
469,192,43108,1,0,0:0:0:0:
384,192,43919,1,2,0:0:0:0:0:
469,192,44730,1,0,0:0:0:0:
298,192,45136,1,0,0:0:0:0:
213,192,45338,128,0,21622:0:0:0:0:0:
384,192,45541,1,2,0:0:0:0:
213,192,45541,1,0,0:0:0:0:
213,192,45946,1,0,0:0:0:0:0:
298,192,46352,1,0,0:0:0:0:
298,192,46622,1,0,0:0:0:0:
298,192,47163,1,0,0:0:0:0:0:
298,192,47433,128,2,48784:0:0:0:0:0:
298,192,47838,1,0,0:0:0:0:
384,192,48075,1,0,0:0:0:0:
213,192,48176,1,0,0:0:0:0:0:
298,192,48379,128,2,49190:0:0:0:0:
298,192,48581,128,2,49595:0:0:0:0:
298,192,48784,1,2,0:0:0:0:
298,192,49190,1,2,0:0:0:0:
298,192,49460,1,2,0:0:0:0:0:
213,192,50000,128,0,51217:0:0:0:0:
213,192,50271,1,2,0:0:0:0:
213,192,50406,1,0,0:0:0:0:0:
469,192,50676,1,0,0:0:0:0:0:
298,192,50811,1,2,0:0:0:0:
213,192,51081,1,2,0:0:0:0:
298,192,51487,128,2,87703:0:0:0:0:0:
298,192,51622,1,0,0:0:0:0:
213,192,52298,1,0,0:0:0:0:
298,192,52703,1,2,0:0:0:0:0:
213,192,52838,1,0,0:0:0:0:
469,192,53244,1,0,0:0:0:0:0:
298,192,53514,128,2,10271:0:0:0:0:0:
298,192,53649,1,0,0:0:0:0:
298,192,54054,1,0,0:0:0:0:
213,192,54460,128,0,72298:0:0:0:0:0:
213,192,54730,1,0,0:0:0:0:
384,192,55000,1,0,0:0:0:0:0:
384,192,55271,1,2,0:0:0:0:
298,192,55676,1,0,0:0:0:0:0:
213,192,55946,1,2,0:0:0:0:
298,192,56081,1,0,0:0:0:0:
213,192,56081,1,2,0:0:0:0:
213,192,56352,1,2,0:0:0:0:
469,192,56487,1,0,0:0:0:0:0:
298,192,56487,128,0,57298:0:0:0:0:
213,192,56757,1,2,0:0:0:0:
213,192,56892,1,2,0:0:0:0:
213,192,57298,1,2,0:0:0:0:
298,192,57973,1,0,0:0:0:0:0:
298,192,58244,1,0,0:0:0:0:
298,192,58379,1,0,0:0:0:0:
298,192,59325,128,0,60136:0:0:0:0:
469,192,60136,1,0,0:0:0:0:
298,192,60406,1,0,0:0:0:0:
213,192,60811,1,0,0:0:0:0:
213,192,60946,1,0,0:0:0:0:
298,192,61622,1,0,0:0:0:0:0:
213,192,61757,128,0,64190:0:0:0:0:
298,192,62568,1,2,0:0:0:0:0:
469,192,62568,1,0,0:0:0:0:
298,192,63379,128,0,70676:0:0:0:0:0:
469,192,64190,1,0,0:0:0:0:
298,192,64595,1,0,0:0:0:0:
469,192,64730,1,0,0:0:0:0:0:
298,192,65000,1,0,0:0:0:0:0:
298,192,65811,1,0,0:0:0:0:0:
384,192,66757,1,0,0:0:0:0:
298,192,67027,1,0,0:0:0:0:
213,192,67703,1,0,0:0:0:0:0:
213,192,67838,1,0,0:0:0:0:0:
298,192,68108,1,0,0:0:0:0:
298,192,69054,128,0,66622:0:0:0:0:0:
213,192,69054,1,2,0:0:0:0:0:
298,192,69865,1,0,0:0:0:0:0:
469,192,70676,1,0,0:0:0:0:
384,192,70811,1,0,0:0:0:0:
298,192,72703,128,2,73514:0:0:0:0:
213,192,72838,128,2,29325:0:0:0:0:0:
213,192,72838,1,2,0:0:0:0:
298,192,72973,1,0,0:0:0:0:
298,192,73108,128,0,73514:0:0:0:0:
298,192,73514,1,2,0:0:0:0:
298,192,73919,128,0,74325:0:0:0:0:
384,192,74325,1,0,0:0:0:0:
213,192,74730,128,0,75541:0:0:0:0:
213,192,75946,1,0,0:0:0:0:
298,192,76081,128,2,76757:0:0:0:0:
298,192,76217,1,2,0:0:0:0:0:
298,192,76352,1,0,0:0:0:0:
298,192,76757,1,0,0:0:0:0:0:
298,192,77163,1,2,0:0:0:0:
384,192,77568,1,0,0:0:0:0:
298,192,77973,128,0,78784:0:0:0:0:
213,192,79190,1,0,0:0:0:0:0:
213,192,79325,128,2,80406:0:0:0:0:
213,192,79460,1,0,0:0:0:0:
213,192,79595,128,0,80000:0:0:0:0:
213,192,80406,1,2,0:0:0:0:
384,192,80811,1,0,0:0:0:0:
213,192,81217,128,0,82027:0:0:0:0:
469,192,82433,128,4,-1:0:0:0:0:
469,192,82703,128,4,-1:0:0:0:0:
469,192,82838,128,4,-1:0:0:0:0:
213,192,83244,128,0,83649:0:0:0:0:
298,192,83649,128,0,84460:0:0:0:0:
384,192,84460,1,2,0:0:0:0:
298,192,84730,128,2,57703:0:0:0:0:0:
298,192,84865,128,2,85271:0:0:0:0:
298,192,85136,1,0,0:0:0:0:0:
298,192,85271,1,2,0:0:0:0:0:
213,192,85541,1,0,0:0:0:0:
384,192,85676,1,0,0:0:0:0:0:
298,192,86081,1,2,0:0:0:0:
213,192,86352,1,0,0:0:0:0:
298,192,86487,128,2,77163:0:0:0:0:0:
298,192,86757,1,0,0:0:0:0:
298,192,86892,1,2,0:0:0:0:
298,192,87163,1,2,0:0:0:0:0:
384,192,87298,1,2,0:0:0:0:
298,192,87298,1,0,0:0:0:0:0:
213,192,87973,1,0,0:0:0:0:
213,192,88108,1,0,0:0:0:0:
469,192,88379,1,0,0:0:0:0:0:
213,192,88784,1,0,0:0:0:0:
213,192,88919,1,0,0:0:0:0:
298,192,89190,1,0,0:0:0:0:
298,192,89325,1,0,0:0:0:0:
213,192,89595,1,0,0:0:0:0:
213,192,89730,1,0,0:0:0:0:
384,192,89933,1,0,0:0:0:0:
469,192,90000,1,0,0:0:0:0:0:
298,192,90136,1,0,0:0:0:0:
213,192,90541,128,0,38244:0:0:0:0:0:
298,192,90744,1,0,0:0:0:0:0:
213,192,90811,128,0,60136:0:0:0:0:0:
298,192,90946,1,0,0:0:0:0:0:
298,192,91217,1,2,0:0:0:0:0:
213,192,91352,1,2,0:0:0:0:
298,192,91622,1,0,0:0:0:0:
213,192,91757,128,2,92163:0:0:0:0:
384,192,92027,1,0,0:0:0:0:0:
213,192,92163,1,2,0:0:0:0:0:
384,192,92568,1,0,0:0:0:0:0:
213,192,92838,1,0,0:0:0:0:
298,192,93244,1,0,0:0:0:0:
213,192,93379,128,2,93784:0:0:0:0:
213,192,93649,1,0,0:0:0:0:
384,192,93784,1,2,0:0:0:0:
213,192,93784,1,2,0:0:0:0:
298,192,93919,1,0,0:0:0:0:
213,192,94392,1,0,0:0:0:0:
298,192,94595,1,0,0:0:0:0:
298,192,94798,1,0,0:0:0:0:0:
384,192,94798,1,0,0:0:0:0:
213,192,95000,1,0,0:0:0:0:
213,192,95203,128,0,41487:0:0:0:0:0:
298,192,95406,1,0,0:0:0:0:
298,192,95608,1,0,0:0:0:0:
213,192,96014,1,0,0:0:0:0:
298,192,96419,1,0,0:0:0:0:0:
298,192,96622,1,0,0:0:0:0:0:
298,192,96825,1,0,0:0:0:0:
213,192,97027,1,0,0:0:0:0:
213,192,98244,1,2,0:0:0:0:0:
298,192,100676,1,0,0:0:0:0:0:
298,192,103919,1,0,0:0:0:0:0:
213,192,105541,128,2,92973:0:0:0:0:0:
298,192,106352,1,0,0:0:0:0:0:
298,192,106622,1,0,0:0:0:0:0:
298,192,107027,1,0,0:0:0:0:0:
384,192,107163,1,0,0:0:0:0:0:
298,192,107568,1,0,0:0:0:0:0:
298,192,107973,1,0,0:0:0:0:0:
213,192,107973,1,0,0:0:0:0:0:
213,192,109595,1,0,0:0:0:0:0:
298,192,110406,1,0,0:0:0:0:0:
213,192,112838,128,0,31352:0:0:0:0:0:
213,192,114865,1,0,0:0:0:0:0:
298,192,117703,1,0,0:0:0:0:0:
213,192,118379,128,0,47973:0:0:0:0:0:
298,192,119325,1,0,0:0:0:0:0:
298,192,120811,1,0,0:0:0:0:0:
384,192,121757,1,2,0:0:0:0:0:
384,192,122568,1,0,0:0:0:0:0:
298,192,123784,1,0,0:0:0:0:0:
213,192,124190,1,0,0:0:0:0:0:
469,192,126217,1,0,0:0:0:0:0:
469,192,127230,1,0,0:0:0:0:0:
298,192,127636,1,0,0:0:0:0:0:
213,192,128649,1,0,0:0:0:0:0:
213,192,128852,1,0,0:0:0:0:0:
298,192,129325,128,2,26892:0:0:0:0:0:
213,192,129460,1,0,0:0:0:0:0:
213,192,130676,1,0,0:0:0:0:0:
298,192,132163,1,0,0:0:0:0:0:
298,192,132703,1,0,0:0:0:0:0:
384,192,133379,1,0,0:0:0:0:0:
298,192,133919,1,0,0:0:0:0:0:
298,192,134325,1,0,0:0:0:0:0:
298,192,135541,1,2,0:0:0:0:0:
213,192,135676,1,0,0:0:0:0:0:
213,192,137163,1,0,0:0:0:0:0:
469,192,139190,1,0,0:0:0:0:0:
213,192,139460,1,0,0:0:0:0:0:
469,192,139460,1,0,0:0:0:0:0:
298,192,139595,1,0,0:0:0:0:0:
384,192,140406,1,0,0:0:0:0:0:
213,192,140406,1,0,0:0:0:0:0:
298,192,141217,1,0,0:0:0:0:0:
298,192,142027,1,0,0:0:0:0:0:
213,192,142433,1,0,0:0:0:0:0:
213,192,142703,1,0,0:0:0:0:0:
469,192,143649,1,0,0:0:0:0:0:
213,192,144460,1,0,0:0:0:0:0:
213,192,146081,1,2,0:0:0:0:0:
213,192,147703,1,0,0:0:0:0:0:
298,192,154190,1,2,0:0:0:0:0:
298,192,154527,1,2,0:0:0:0:0:
384,192,155000,1,0,0:0:0:0:0:
213,192,155608,1,0,0:0:0:0:0:
213,192,155811,1,0,0:0:0:0:0:
298,192,158108,1,0,0:0:0:0:0:
298,192,159460,1,0,0:0:0:0:0:
298,192,160136,128,0,64190:0:0:0:0:0:
384,192,161487,1,2,0:0:0:0:0:
298,192,161892,1,0,0:0:0:0:0:
298,192,165406,128,2,86081:0:0:0:0:0:
213,192,167163,1,2,0:0:0:0:0:
213,192,167433,1,0,0:0:0:0:0:
213,192,169595,128,2,91352:0:0:0:0:0:
213,192,175271,1,2,0:0:0:0:0:
298,192,176081,128,2,86892:0:0:0:0:0:
298,192,177095,128,2,16352:0:0:0:0:0:
213,192,177973,128,0,44730:0:0:0:0:0:
469,192,178514,1,0,0:0:0:0:0:
298,192,182568,1,0,0:0:0:0:0:
213,192,189730,1,0,0:0:0:0:0:
213,192,192703,1,0,0:0:0:0:0:
298,192,193514,1,0,0:0:0:0:0:
213,192,196081,1,0,0:0:0:0:0:
213,192,196217,1,0,0:0:0:0:0:
213,192,196757,1,0,0:0:0:0:0:
213,192,197163,1,2,0:0:0:0:0:
384,192,199190,1,0,0:0:0:0:0:
298,192,199460,1,0,0:0:0:0:0:
298,192,200000,1,0,0:0:0:0:0:
